CPU CORE SOCKET NODE ONLINE    MAXMHZ   MINMHZ
  0    0      0    0    sim 4700,0000 800,0000
  1    1      0    0    sim 4700,0000 800,0000
  2    2      0    0    sim 4700,0000 800,0000
  3    3      0    0    sim 4700,0000 800,0000
  4    4      0    0    sim 4700,0000 800,0000
  5    5      0    0    sim 4700,0000 800,0000
  6    6      0    0    sim 4700,0000 800,0000
  7    7      0    0    sim 4700,0000 800,0000
  8    0      0    0    sim 4700,0000 800,0000
  9    1      0    0    sim 4700,0000 800,0000
 10    2      0    0    sim 4700,0000 800,0000
 11    3      0    0    sim 4700,0000 800,0000
 12    4      0    0    sim 4700,0000 800,0000
 13    5      0    0    sim 4700,0000 800,0000
 14    6      0    0    sim 4700,0000 800,0000
 15    7      0    0    sim 4700,0000 800,0000
